2.13608
1.11418
0.376407
0.217943
0.718841
0.166188
0.00227199
0.640533
12.0146
0.0790553
0.308248
1.16234
0.12
4.76577
1.07545
0.371238
0.0221158
0.270958
0.185945
1.37827
0.375411
0.0231411
0.310457
0.445868
0.248844
0.00605675
0.0232984
5.16623
1.11919
0.566276
0.652135
0.331047
1.06599
0.31286
1.09415
0.27403
0.600115
0.351424
0.0726811
0.8389
0.0258377
0.34498
0.00219948
0.062836
1.11769
1.82459
0.557637
0.416631
0.184375
0.375008
0.289479
2.3834
0.637066
0.605081
0.0211203
0.782248
0.694433
0.708324
1.19467
0.18222
0.00487481
0.069215
0.475021
0.0820492
2.70531
0.0816688
0.939698
0.0555596
0.907926
0.0140001
0.608527
0.0243736
0.025358
0.597565
0.291585
0.557458
0.441058
0.977805
0.895703
0.44543
0.154481
0.0773207
0.00142765
0.56913
0.00503905
0.532225
0.0234084
0.0250217
0.137822
0.374217
1.01537
0.0447645
0.272427
0.160525
0.136158
0.582177
0.138166
0.117764
0.643358
0.65007
0.0759549
0.711668
0.0229786
0.0219975
0.233208
0.634402
1.73686
0.244015
0.176675
0.176495
0.316469
1.03389
0.295043
0.994169
1.02466
0.437952
0.131807
0.24682
0.830703
0.0378756
0.308577
0.982066
0.13831
0.977392
0.163587
0.290531
0.344434
1.39853
0.66095
1.36214
0.00787336
1.29
1.979
0.183557
0.315351
0.0247891
0.314251
0.299448
0.833706
2.31065
0.366393
0.0899905
0.494698
0.059292
0.181849
0.0217353
0.353883
1.72899
0.284411
1.40759
0.605917
1.27566
7.5338
1.60773
8.61986
0.024879
0.0611438
0.119005
0.643077
0.106496
0.256015
0.549262
0.487831
0.000120425
0.183626
0.588305
0.176516
0.686436
0.638129
0.854567
0.219324
0.701531
0.352932
1.50124
0.89868
0.422469
0.544613
0.0818214
0.259439
0.637993
0.317188
2.34119
2.38093
0.00247678
0.0944223
0.701222
0.134083
0.642336
0.205974
0.0259097
0.917499
0.0670978
0.254147
0.0776042
3.3076
0.352079
0.597104
1.81521
1.8678
1.80795
1.13526
0.104228
0.00510436
1.02073
0.479674
0.2106
0.340299
0.350609
0.0247094
0.125572
0.650483
1.49333
0.91326
0.773349
0.250983
0.244731
0.579037
0.023645
1.16212
1.13726
0.217543
0.521424
0.212689
0.37714
12.0628
0.109448
0.54202
0.16742
0.43554
0.299489
0.600267
0.0238826
0.339023
0.840529
0.753125
0.0953854
0.137439
0.122894
0.119662
0.498763
0.863885
0.128583
3.74909
0.00030706
0.168414
0.134245
0.106067
0.299628
1.88328
0.013917
0.271563
0.124674
0.231712
0.712218
0.508912
0.0256827
0.0213551
6.82551
0.103974
0.69789
0.00269777
0.0254435
0.287256
0.00325275
0.460959
0.0256901
0.352895
1.12873
0.0605625
1.77352
0.135486
0.183654
0.603094
0.0238969
0.127039
0.475343
0.0971432
0.120161
0.0441181
0.0251645
0.602162
0.273489
0.0196105
0.175495
0.00350499
0.656851
0.313782
0.351151
0.0237782
0.0246056
1.20081
0.0662731
1.17821
1.70773
0.611935
0.50107
0.273986
0.540264
1.14339
0.024604
0.0196924
1.12927
0.0720165
0.00158006
0.306421
1.74008
1.20184
0.137039
0.0249935
0.0256375
0.183743
0.299716
0.625149
0.652897
0.312251
0.0796018
0.542958
2.16857
0.639825
0.104716
3.64071
0.787119
0.0601443
0.379855
0.594846
13.3962
0.178882
0.113836
0.181009
0.128905
0.701231
0.0698503
0.128035
0.780616
0.462299
0.0672896
0.0231747
0.272121
0.137517
0.0500142
0.258614
0.421873
0.825542
0.569013
1.83819
0.0252106
0.327012
0.0674029
0.0183727
1.86062
0.253798
0.00143819
