2.19876
4.71229
0.0663564
0.112341
0.38694
1.14864
2.17022
3.59245
0.297283
2.01307
0.603955
0.41252
0.125399
0.76769
7.98647
0.20363
11.522
0.21549
1.08721
0.00627634
0.0393922
0.00412444
0.143098
1.87225
0.762245
0.0123724
0.00791433
0.00691646
12.0637
0.772586
13.2545
0.0079512
0.00446542
0.105485
1.25317
3.18893
1.47423
0.394382
0.174179
4.80639
13.0128
0.028524
0.0177929
0.212108
0.0761321
0.0249858
0.00559575
1.20549
2.48432
0.331957
0.637188
0.49595
1.37827
13.589
0.84604
0.744469
0.394506
0.0282126
0.734329
1.4012
2.08243
3.27693
1.92032
0.635377
12.7418
0.0337183
0.0227111
0.00428148
0.103143
0.0794385
5.22497
1.12061
1.36272
0.821903
0.790011
0.660525
0.653607
0.0991454
0.519488
1.35001
2.18438
0.647784
2.70262
1.21681
0.27403
0.0120387
0.0294669
0.015274
0.680413
5.92287
5.00949
1.48077
4.76144
0.995017
0.844017
0.107491
6.13566
0.111522
0.032505
0.00729617
0.16032
0.0608066
2.87642
2.10088
0.0341752
0.01379
10.927
0.111549
0.000428815
1.14398
3.01523
0.0354544
0.0304935
0.0231589
0.020463
6.85674
4.8785
1.91735
0.514674
0.1719
0.0869379
0.0454509
0.706856
0.59447
3.60707
0.571441
0.186746
4.68804
0.76662
0.57236
6.14125
0.464352
0.29975
0.18272
0.0473849
1.38734
0.685114
0.151087
2.41973
2.03774
0.642709
1.55069
1.07645
0.0631046
3.88612
9.09049
12.7225
9.91113
0.154258
0.0856418
0.0151763
0.0115956
4.15162
2.38045
0.708324
4.6914
0.163616
4.25634
1.19002
0.749164
0.189631
2.57957
1.55773
0.100751
0.0028718
0.00206676
1.34415
0.73521
0.463202
0.950779
0.639476
0.0827254
0.0782175
0.354414
5.57093
1.92778
0.942114
0.863171
0.627827
0.379592
0.122305
4.76426
0.0362344
0.0208105
0.00165139
0.00141416
0.81219
9.93664
0.316682
0.758482
0.184061
0.12097
0.0842413
0.0656851
0.0823562
0.00141528
0.816922
0.55706
0.941768
0.688783
0.521977
0.296527
0.422757
0.316579
3.27303
0.00907061
11.4592
0.307831
0.00537856
0.129646
3.33691
0.632421
5.21993
0.944266
0.98602
0.00168289
0.0348888
2.19221
1.58793
0.851593
1.06102
10.1324
0.0475106
2.37609
0.475246
0.00519434
1.37841
12.9247
0.0258918
0.0142416
0.0114933
3.87102
0.0352256
11.0586
13.0324
1.25526
0.610735
11.9387
1.81671
0.0273552
0.00626775
7.64723
2.35559
0.112466
0.0420563
0.0357953
13.7051
1.05228
1.52255
0.70193
0.514977
0.086875
1.66303
0.0561126
0.11334
0.0379377
0.108431
0.00773508
0.00272265
0.00209876
0.0754456
0.0601221
12.998
12.169
0.0355502
0.0630441
0.04631
0.159055
6.84472
7.12167
5.89546
0.952402
11.8946
12.5632
2.38508
0.135868
0.0614458
1.87698
0.715265
0.348082
2.062
13.4675
0.136158
5.83753
0.933111
0.568127
4.11849
0.417801
0.330545
1.20146
0.798186
1.91116
0.00972113
1.22655
0.865117
2.41399
2.784
0.133802
2.78937
0.652396
0.574375
0.241204
0.129197
2.57004
0.80859
0.108882
0.0613251
12.5855
0.0687096
0.480583
0.0695383
0.0590763
0.0219975
0.541361
0.0656013
0.0242546
0.267748
0.926842
0.67445
0.653804
0.0730645
0.764829
13.4706
0.783994
1.74279
5.15759
12.1622
2.95089
4.6515
0.199981
4.48292
0.0703104
2.12613
5.5725
1.03389
0.849917
0.611373
0.206551
0.079177
9.55403
1.25814
0.0938006
0.0487968
11.5138
0.566019
0.715857
0.501559
1.33228
2.2676
0.120962
0.0642226
0.11235
13.7776
0.995767
1.14546
0.669306
0.61936
1.20197
0.236627
4.21803
0.442316
0.846841
0.650447
0.098738
13.2795
0.081348
0.844966
0.530168
0.366242
1.27675
0.725594
0.13132
0.118346
0.712384
1.16479
5.40726
0.605756
1.16484
1.01808
14.0406
0.344752
0.246525
1.38325
0.00456877
0.529173
12.08
0.0440809
0.0191344
0.0148076
0.416462
0.779413
1.47973
2.53012
0.0995942
0.0855067
0.671546
12.0954
0.67341
0.864334
0.10174
0.0409076
0.0191733
2.31196
0.0536408
0.0582409
3.3623
2.49101
0.489005
1.979
13.0838
0.329527
3.86242
0.0322025
2.15606
2.49357
0.624711
0.49337
0.190364
0.150077
0.105883
0.330716
0.569073
2.22589
0.619727
1.12238
7.77122
0.738181
3.28503
0.0706392
0.582853
4.27887
0.833898
0.0538798
0.0473822
10.9539
7.24676
0.588694
0.0697096
0.256451
0.327439
0.245951
0.0397713
0.580165
0.386009
6.07247
0.237528
0.199746
0.185598
0.0318103
0.0159015
6.31123
1.75345
0.316926
2.70964
12.5764
1.28071
1.26575
4.72149
12.2956
0.10168
0.00804725
1.63303
2.43553
1.08438
8.67098
0.0922399
0.0708982
1.67565
0.0096385
0.333842
0.0347725
0.024879
0.180147
0.0715812
0.0801951
0.0405114
0.0315035
0.0117616
0.00872635
2.10632
1.47171
5.21759
0.0083006
0.00573813
7.74655
0.023548
1.09704
0.111508
3.26215
0.0988203
1.57805
0.729866
0.392869
0.637692
0.0104954
6.42645
1.50485
1.69466
0.590711
0.00246058
0.00573496
0.00143365
0.0461695
0.668955
0.687673
0.206707
1.99351
1.09175
0.728369
12.4937
0.497395
6.33439
0.773859
0.0286682
0.00392524
1.85701
0.00771522
0.00189145
1.78945
2.95552
1.10959
0.708208
9.52284
3.11374
6.43166
0.0247172
1.86522
2.18041
0.82453
0.377248
0.050125
13.2817
6.65951
0.383854
10.9601
0.741055
0.19928
4.51179
1.45069
0.152102
0.600021
0.622028
0.559945
1.37289
0.17094
0.552097
1.59905
0.0824124
0.508495
0.307758
0.648648
0.242786
0.0911564
0.0693949
0.0648825
2.42039
7.83467
0.28991
0.0300967
0.0200178
4.14687
6.77744
0.0687669
0.0106102
0.600265
0.469853
2.38411
0.00576748
0.0113888
0.00372419
0.541523
0.105799
0.0425139
0.0333271
1.08459
0.0604655
0.0936884
0.057395
0.247319
11.6323
0.735481
11.9184
0.179587
1.03566
0.0108091
0.799307
0.658864
0.0118222
0.175982
6.35619
1.12958
0.648645
0.469581
0.00799803
0.00558153
0.0618469
0.0400124
0.00425159
0.00249955
0.0456552
2.03856
0.33533
0.0936678
5.75188
0.0722969
0.0441898
0.0156429
0.00715807
12.5099
0.0820383
5.64042
0.134484
0.093191
0.574869
0.338836
0.306388
0.372721
0.190924
0.118847
5.93887
8.33365
6.5509
0.572119
0.775103
0.675018
0.538095
13.4688
0.563066
12.0844
0.00751108
0.047627
0.00706004
13.2581
2.15842
12.3853
1.75261
8.91452
2.11471
1.86778
7.05393
1.88678
1.47433
8.06981
0.198309
0.140641
0.380206
0.316934
0.156839
0.0129612
0.612528
0.320593
0.2567
1.48237
0.0144462
1.13491
1.63764
2.77499
0.466511
0.564628
0.327047
0.301006
0.229437
6.57751
3.65726
0.00430019
0.971548
2.92903
0.765053
0.632374
0.344533
0.326771
0.335198
11.1423
9.25242
0.157218
1.36699
0.603807
0.0598154
0.125572
2.0524
0.504845
0.450659
0.0432263
0.526916
0.323542
0.489068
0.65888
1.49984
0.738375
0.183091
0.35642
5.20701
2.39166
9.5258
1.52224
0.974404
11.3491
0.588147
0.0468428
0.171095
1.16212
0.0308352
0.0133467
0.782678
7.48468
0.64751
0.493863
5.85978
13.9563
0.0963933
0.108563
0.0676333
0.0645457
0.0246225
0.0118444
0.00280196
0.169407
0.220919
0.180817
10.481
0.268388
0.185032
0.15473
13.1012
5.86748
0.857227
0.569384
0.37714
0.835949
12.1082
1.07042
12.2282
0.683761
0.281297
12.5807
1.31924
0.00112352
0.000797174
13.1982
12.1447
11.0018
2.12085
0.686327
0.443895
0.0715567
0.0552051
0.048208
0.0324066
1.77862
0.0533821
2.65959
8.2354
0.513931
0.653816
0.574374
1.79782
0.937392
12.1041
0.00894092
0.00623333
12.8418
0.140733
0.110238
0.800003
0.366951
0.119229
0.727367
0.582485
0.547166
0.15661
0.822816
2.72752
7.12932
0.300533
0.167868
0.645281
0.560647
0.261985
0.097996
0.16713
1.66093
0.474057
0.00466851
0.00244983
6.00936
7.16652
0.142519
0.0733654
0.034772
0.0103459
1.51935
0.449628
0.168414
5.06484
0.185434
0.0402427
0.0354605
0.00730295
3.05546
2.97922
2.30228
0.124218
0.106572
1.1625
0.326683
2.31976
1.17983
0.573665
5.78477
2.32307
1.88328
8.66196
0.0354913
0.0116371
0.00854433
0.00783729
0.745718
0.0486388
0.0218069
3.50767
1.22698
0.0977245
0.0636189
0.0292945
0.628804
0.476794
0.0607456
0.00351948
2.98255
1.36534
13.0747
0.567795
0.0707506
0.0451722
0.381672
0.593473
0.710168
0.132087
0.0414682
0.0278366
0.0483701
6.82551
0.064517
0.0103195
0.147705
0.700058
0.294151
0.0351977
12.2425
0.29948
0.163809
0.144335
0.106599
0.0421831
0.0140648
0.477598
0.274822
0.203548
0.130598
0.0920596
0.0493728
0.753177
0.00159073
0.00119531
0.775717
0.577202
0.297463
1.15563
0.0143944
0.0133738
0.00605343
0.078063
0.536525
0.0354551
12.4594
11.5901
3.48722
10.0792
13.042
2.18783
0.0891651
0.00963115
0.00618479
0.0034246
6.26265
3.31318
2.81307
0.15733
0.0867435
0.00744687
12.6206
0.185597
0.00739673
0.00644889
0.00206787
1.27794
0.994965
13.1616
13.9838
0.514045
0.177902
0.123899
1.32843
0.163097
2.00624
0.0741148
0.220281
0.205321
0.129797
0.0620283
0.331683
0.196044
0.0980693
0.684182
2.61564
5.27816
1.06551
3.04558
0.778592
0.055164
2.36338
0.0876297
0.00558261
1.06544
1.53185
13.3779
7.76791
0.867712
0.472436
0.359782
13.0095
5.61877
0.0518619
0.0418948
0.0237782
0.378427
0.00450897
2.18388
5.22457
0.0626202
0.0353056
1.21323
9.48687
0.651589
1.17821
3.14
7.85827
0.030935
0.00803935
0.00660135
7.16853
12.769
0.603809
0.00952459
0.00596672
13.0919
0.355882
0.574458
0.471584
0.532827
0.276119
0.191264
0.102561
0.0761242
0.95214
0.615151
3.7107
0.642041
0.526766
1.18894
0.0892979
0.0692337
0.396824
0.304131
0.132825
0.396571
0.0989557
0.0499137
0.945528
12.3758
0.0414592
9.69215
0.730261
2.20765
1.88077
0.145774
1.15143
3.29161
0.424319
0.132653
0.0586944
0.0354675
0.00482627
0.092107
7.98166
0.120788
13.1298
0.719347
0.0945173
0.372891
3.13641
1.75052
1.20454
1.15854
0.103613
0.0702936
0.0521271
0.183743
12.9001
1.96887
6.27333
1.99217
0.625149
0.696338
0.434506
0.300817
0.794584
0.0345082
0.0148655
0.120236
1.20528
0.326779
0.148514
0.00822771
0.0074105
0.00373035
0.087364
0.702255
0.0591574
2.19456
0.0563931
0.0412486
2.99814
0.378067
0.833534
0.697759
0.477092
1.21961
0.642731
0.113272
13.3899
0.0924581
7.90259
4.1468
0.816065
1.51928
0.6442
0.0343741
0.0194756
0.612366
0.472569
0.671717
0.104315
0.0811426
4.58443
0.225686
0.107223
12.782
0.923317
0.841419
0.283529
0.662237
4.33731
0.845492
10.2142
0.00730692
0.00546935
1.499
1.11096
13.4196
8.88121
0.157496
0.325687
0.0167616
0.01448
1.20141
12.5772
0.34465
13.0682
0.311272
0.751662
0.165076
1.03888
0.85711
0.79382
2.45576
12.2309
0.00485829
0.00203668
1.24165
0.0699727
0.0897294
0.0914361
0.0662066
0.27964
13.4792
0.336243
0.554137
0.370367
0.0827195
12.0901
1.50995
0.568945
0.829633
1.39258
0.944332
0.687281
2.87543
1.54523
0.62432
0.0777631
0.00198161
0.12651
12.6687
0.0705891
0.0350193
5.01031
0.522913
10.636
0.963317
0.207535
3.85738
0.525177
0.762332
0.0811669
0.0591279
1.82394
0.00162398
13.0306
0.407414
0.0909625
0.0437566
0.0316138
0.0146572
1.67378
